71
166
200
187
17
182
188
46
11
119
108
114
100
185
178
154
26
236
172
76
129
184
214
153
172
161
229
200
1
169
253
212
101
145
5
78
70
11
209
26
205
150
185
99
36
26
33
229
205
109
31
194
191
103
49
102
251
204
12
247
159
100
86
236
23
54
125
172
129
213
18
77
21
252
105
51
170
104
76
14
80
78
45
34
67
110
64
209
46
165
19
111
65
157
21
155
148
243
44
135
109
27
251
30
134
86
94
183
148
75
26
117
83
182
134
237
79
77
110
139
47
21
60
44
155
161
68
27
222
125
94
238
15
10
242
203
128
137
116
76
181
224
176
8
200
239
180
91
236
244
64
214
110
9
86
139
109
40
243
21
205
123
159
122
45
141
252
152
108
87
223
120
50
233
7
82
140
38
187
248
8
57
175
215
176
0
155
81
13
154
254
36
154
16
96
245
60
140
62
41
186
219
11
113
215
243
198
214
29
182
161
35
244
212
92
21
221
29
60
223
7
231
172
51
70
224
229
190
170
255
229
1
43
55
194
32
155
152
108
79
63
69
132
83
254
185
220
30
30
159
19
150
224
186
217
123
228
132
172
237
179
143
20
189
10
188
88
186
193
116
143
176
204
251
216
134
74
112
181
226
133
22
192
199
16
135
29
32
17
45
240
245
70
104
212
121
117
196
238
77
216
153
153
34
193
239
55
28
72
136
5
135
184
79
237
68
81
32
161
102
88
3
45
0
1
171
77
148
171
55
43
142
107
169
98
141
45
224
5
39
194
156
27
141
132
77
166
15
101
56
22
102
131
85
255
24
120
148
157
205
37
55
19
123
158
51
152
223
100
82
56
186
42
73
181
147
21
92
249
221
12
126
240
111
142
210
95
143
214
146
175
183
57
162
218
234
162
228
67
149
183
247
174
20
35
234
56
180
239
54
18
131
174
53
253
136
230
14
216
250
21
110
253
114
157
193
65
139
204
220
29
153
57
232
231
214
205
234
13
151
149
209
33
43
52
29
242
152
186
203
122
142
44
179
214
234
145
2
69
135
255
15
245
53
162
226
172
69
124
254
60
21
251
150
61
183
80
105
191
51
86
145
237
190
222
50
174
13
223
141
214
104
86
16
123
19
213
31
251
64
248
172
190
228
103
144
168
14
178
13
134
235
251
45
222
78
209
181
170
188
244
97
203
213
20
123
165
70
129
3
254
188
110
120
136
16
212
191
71
52
250
89
130
154
106
46
121
47
146
73
159
71
44
228
3
154
27
99
143
221
2
172
59
170
108
241
219
64
218
88
253
203
237
127
2
168
63
177
55
37
41
96
12
73
107
142
125
129
97
210
68
30
7
67
56
190
83
124
186
38
26
53
131
199
159
167
128
97
175
179
120
11
203
79
9
139
64
199
173
0
25
177
62
171
214
36
72
96
202
33
83
10
83
119
0
12
247
151
108
4
77
157
32
38
21
69
71
251
27
201
47
107
131
5
197
137
38
56
52
203
100
191
180
52
41
32
182
231
29
119
226
206
146
205
104
182
253
252
194
219
215
79
120
61
214
226
139
192
20
158
16
19
203
88
21
136
48
29
223
118
99
20
134
22
51
145
56
108
52
8
129
78
94
42
85
25
181
220
111
191
186
49
32
126
156
0
87
35
142
150
187
191
213
175
111
117
133
54
17
224
231
139
115
26
76
14
158
19
44
25
19
35
222
47
240
194
176
155
200
19
16
135
68
108
25
214
150
223
204
123
242
61
205
161
147
11
67
20
80
242
147
13
220
20
187
178
207
134
235
46
10
255
206
97
20
51
161
217
159
212
117
147
60
84
160
23
166
174
153
170
172
98
135
78
250
128
82
174
69
208
108
55
244
228
148
83
248
198
83
40
75
247
4
37
56
127
140
203
247
22
254
173
196
21
232
201
193
242
251
157
74
51
149
228
120
232
80
49
155
180
146
115
169
12
242
142
215
119
228
109
102
255
90
102
11
132
97
89
217
201
47
50
84
230
106
128
95
120
88
65
2
70
30
41
186
73
92
167
236
135
133
203
50
24
199
89
233
242
48
95
5
99
161
255
9
222
158
39
75
79
131
1
229
219
218
32
166
146
56
52
23
82
110
28
178
197
249
252
237
64
226
63
189
208
77
225
35
178
206
207
6
11
179
61
41
119
178
89
224
221
123
18
184
191
60
112
234
250
10
134
65
1
117
110
145
72
45
175
43
165
20
159
43
204
60
177
182
149
100
70
134
37
218
130
107
18
208
97
156
6
243
114
152
75
10
50
37
203
91
32
251
74
212
234
40
180
71
19
187
206
175
79
47
87
21
124
136
237
70
106
18
162
88
217
240
205
170
98
94
15
142
43
229
230
229
114
165
188
42
123
174
154
20
187
119
250
117
80
25
187
118
99
94
92
177
104
20
224
254
221
236
241
113
145
81
170
53
59
193
225
136
72
244
186
218
212
43
0
122
132
28
125
213
10
183
67
93
32
29
137
115
9
109
81
88
98
151
50
21
9
215
71
184
56
187
249
42
163
134
122
3
84
126
132
254
145
93
77
44
113
196
207
56
85
195
24
43
198
158
181
225
216
232
30
198
166
4
199
61
238
119
135
146
44
202
51
240
37
118
213
143
116
120
70
162
30
158
132
194
105
64
50
51
228
51
250
183
124
58
59
118
35
234
243
114
174
54
140
101
143
203
222
186
234
36
37
90
243
60
178
2
153
210
9
45
19
133
3
45
92
51
244
147
17
75
123
223
251
2
207
204
246
180
81
152
113
41
139
72
119
192
181
199
52
196
48
156
24
52
62
165
39
69
130
32
240
144
240
132
87
194
105
199
251
130
58
191
57
77
245
57
177
120
18
153
96
177
229
230
238
252
180
99
240
172
205
58
169
2
98
247
135
166
153
246
250
44
190
19
149
180
213
242
103
236
171
158
9
29
220
35
166
230
89
75
228
10
210
37
192
196
56
77
68
231
16
254
131
29
79
244
209
76
0
248
65
13
44
127
69
164
64
32
64
178
32
121
35
97
191
78
6
72
73
117
20
118
121
89
36
40
123
194
125
158
180
112
122
44
164
152
31
169
168
159
72
218
183
198
151
190
112
133
222
37
19
37
15
173
188
68
32
160
215
36
118
95
180
85
223
92
145
97
228
155
206
101
154
58
226
137
135
53
167
74
8
88
207
85
62
36
255
250
143
183
192
190
210
77
36
42
152
217
204
232
71
207
228
211
19
146
147
32
180
250
74
52
58
58
46
174
66
179
28
78
154
244
136
95
22
131
255
70
229
17
81
54
26
104
118
229
213
114
143
94
67
232
205
77
246
83
207
90
223
147
33
129
176
130
241
196
157
154
222
140
27
202
12
163
21
210
253
36
174
157
219
201
29
151
120
217
104
86
249
187
159
20
205
172
241
153
126
92
170
213
131
243
97
109
142
137
185
246
120
225
249
201
185
157
10
63
15
125
156
81
53
137
148
75
118
40
36
17
0
228
22
208
224
225
116
201
17
196
86
236
141
227
88
69
217
178
232
67
211
36
205
99
198
86
105
67
247
16
84
236
125
209
111
9
7
184
178
133
246
203
161
106
90
122
131
14
35
19
144
66
80
210
23
245
130
42
96
169
207
104
74
212
60
87
70
21
20
61
159
236
129
10
6
219
38
73
199
122
238
230
88
216
178
120
37
143
29
42
235
226
38
2
238
112
181
162
195
142
208
57
238
109
0
139
16
49
58
117
13
223
193
186
193
96
161
22
105
230
105
90
46
96
44
177
37
92
140
2
175
21
228
18
200
39
156
15
101
8
146
126
70
56
40
87
113
123
103
219
107
181
224
225
122
61
80
164
110
185
184
57
37
28
9
242
191
23
50
95
8
239
90
48
133
98
136
196
238
253
254
130
213
191
130
155
133
218
183
85
230
76
44
239
81
7
81
41
223
220
243
153
70
208
75
203
37
176
249
192
64
238
94
18
167
158
94
140
143
245
163
77
201
68
191
145
196
105
97
98
180
196
131
188
249
132
10
2
218
229
53
147
242
56
26
6
35
89
195
226
133
6
236
159
176
11
100
213
105
95
168
254
251
228
131
50
236
167
5
172
177
116
205
180
29
156
6
112
160
111
156
221
31
150
221
18
227
124
117
216
45
230
70
108
235
210
131
226
116
22
22
194
63
214
9
114
115
17
107
57
44
236
221
111
35
253
241
37
76
246
199
131
26
15
134
228
125
158
122
95
24
188
74
157
47
0
171
131
243
26
246
16
98
15
239
85
199
154
158
43
174
28
228
246
238
126
180
156
146
77
253
126
236
108
22
239
221
217
143
173
107
234
142
114
88
230
201
99
76
133
130
177
45
29
160
96
74
13
15
40
230
245
246
108
182
91
236
91
8
251
27
216
38
68
23
33
2
178
127
59
85
21
191
69
87
22
71
89
243
104
87
100
129
184
243
53
53
56
109
169
29
219
246
156
61
97
11
203
154
68
246
107
76
241
90
133
124
110
239
57
71
93
81
10
116
188
41
34
45
64
115
149
169
50
153
21
165
151
177
1
101
144
183
91
202
133
50
117
36
253
70
70
27
18
55
74
167
47
15
33
74
52
220
143
55
92
26
108
128
246
49
43
226
89
117
126
55
39
117
132
192
62
160
247
180
196
127
175
16
249
21
199
122
121
241
85
16
0
222
89
182
72
254
53
110
27
250
181
11
107
76
55
198
200
140
233
119
164
107
74
193
119
26
225
230
188
147
228
6
66
120
147
233
115
2
248
254
93
212
244
143
175
182
26
112
56
29
117
75
87
92
67
210
161
254
161
155
174
163
22
55
206
34
87
11
180
167
133
102
71
67
104
226
121
211
43
80
97
179
115
23
218
249
109
224
158
214
88
145
225
76
51
227
119
139
34
210
175
240
206
161
73
178
161
35
131
40
42
73
66
107
249
5
133
3
98
34
192
205
163
106
131
6
29
17
102
139
178
230
110
155
236
231
138
78
66
69
162
124
160
238
206
211
175
136
245
114
15
169
43
127
165
222
146
179
180
214
143
59
247
157
253
95
104
169
1
102
193
26
185
131
234
121
193
112
151
125
31
92
154
160
249
186
27
175
73
230
48
83
190
43
203
186
135
196
99
190
133
57
52
194
167
201
100
84
172
117
254
85
195
201
47
154
82
200
221
57
235
148
81
70
235
187
0
129
94
87
66
234
216
10
175
40
30
22
247
49
93
143
81
112
53
250
178
126
123
198
144
114
181
149
206
252
24
180
141
119
135
17
234
29
163
189
43
62
102
145
94
62
165
130
204
88
99
216
178
123
14
52
113
67
161
176
1
180
40
207
100
241
95
88
242
53
2
31
245
13
66
187
79
171
70
89
14
89
101
18
157
141
183
79
87
29
204
212
61
128
125
134
245
6
190
21
171
201
226
24
71
51
67
131
242
53
86
35
238
238
56
182
146
246
83
31
190
127
96
227
112
78
192
2
172
12
106
158
195
87
15
97
76
101
32
222
188
203
79
65
34
213
124
170
90
226
81
38
46
102
195
22
86
171
134
188
238
36
145
166
144
94
129
49
64
189
89
12
249
253
126
25
101
207
174
244
125
194
214
75
84
249
96
78
85
208
1
125
133
139
134
59
240
46
149
203
120
229
242
136
124
220
86
55
81
142
99
70
60
247
45
189
119
194
198
48
139
136
15
102
107
245
129
128
133
203
3
203
216
244
66
19
3
128
71
94
154
123
144
156
76
27
162
165
179
244
227
251
223
76
113
192
214
123
26
5
77
169
252
212
242
32
107
236
0
135
146
252
120
12
14
1
73
70
144
119
243
150
18
108
221
191
132
132
108
217
13
128
138
68
233
214
59
151
105
72
26
165
84
26
215
65
151
72
148
195
17
237
164
207
117
225
36
30
21
99
174
22
69
48
13
223
113
59
82
95
77
67
34
198
206
211
189
17
26
242
175
218
252
19
236
192
230
57
253
205
101
231
171
253
7
186
127
49
230
29
217
105
165
143
212
115
15
137
208
55
103
231
0
114
107
241
190
118
111
138
46
33
98
140
110
7
129
108
59
101
125
249
26
21
250
8
128
235
231
95
243
84
214
236
183
240
63
224
29
198
0
206
29
62
152
119
193
50
92
132
23
63
215
57
71
179
37
83
45
175
89
79
25
42
128
17
150
152
43
58
234
81
202
23
238
143
178
116
3
13
162
145
150
178
219
69
252
133
21
4
88
118
255
100
178
12
135
48
77
233
15
215
178
22
229
39
252
138
122
218
38
152
193
135
228
202
222
141
110
187
221
170
223
238
17
28
158
79
194
50
193
231
162
63
22
91
197
24
211
12
125
73
110
246
239
194
228
42
112
239
107
80
117
116
94
163
212
242
181
51
117
56
102
136
203
133
50
15
173
231
210
177
227
133
106
231
153
211
162
186
122
104
109
162
131
133
51
155
35
205
58
99
43
235
252
243
127
104
237
8
129
150
247
234
71
99
133
48
186
1
118
227
89
133
17
116
243
190
199
159
156
74
64
24
161
169
231
224
205
81
187
47
13
7
32
140
97
11
131
61
81
4
44
155
168
38
90
106
94
186
111
31
235
177
121
93
158
170
14
24
86
189
165
195
132
214
93
168
48
72
45
247
189
197
134
170
74
159
143
111
73
140
148
27
174
250
152
159
113
254
64
81
109
252
18
203
14
84
187
229
142
11
160
1
127
191
147
90
69
42
86
76
155
239
245
62
235
159
114
109
81
82
223
27
201
136
249
36
138
2
16
156
158
178
182
59
148
238
156
55
78
56
217
240
64
183
205
54
74
72
167
106
5
164
32
158
3
239
46
210
172
165
131
203
103
186
50
23
21
72
18
232
92
7
41
163
231
23
32
31
29
64
138
99
87
142
87
120
223
38
96
63
85
43
111
227
27
146
225
11
100
142
28
251
243
111
23
141
225
63
68
175
174
58
38
32
255
46
230
126
207
227
207
206
166
186
127
70
225
15
18
195
54
17
105
87
227
133
113
163
22
227
255
46
19
114
207
242
199
113
86
120
209
158
88
0
187
166
145
210
255
236
143
82
100
248
130
124
220
219
118
51
155
241
125
134
222
193
163
160
60
209
23
95
187
98
72
29
180
202
107
124
140
106
2
8
33
216
240
228
237
191
88
142
77
143
182
123
32
190
48
223
76
17
41
123
131
23
158
101
228
107
233
121
17
7
37
180
218
201
238
44
183
82
57
205
80
142
103
95
68
169
141
2
223
246
66
227
55
71
207
112
189
203
24
223
19
6
103
161
31
69
63
93
119
168
254
12
121
154
189
179
55
147
37
182
203
212
134
190
188
244
224
1
183
224
83
146
107
237
164
65
222
38
162
36
242
230
44
22
116
200
102
177
124
218
222
203
38
164
121
246
21
55
116
110
68
163
125
85
179
55
225
4
171
189
56
214
22
198
43
220
71
250
13
254
95
173
40
60
254
103
41
243
194
132
111
1
108
96
193
168
41
249
148
43
51
204
174
155
24
238
103
43
100
170
92
144
213
170
246
46
112
39
163
7
165
86
239
100
86
216
70
69
144
43
110
180
51
119
176
13
142
151
4
40
62
143
116
65
5
217
255
185
15
255
28
112
204
214
159
17
197
91
213
124
185
116
125
48
113
163
16
224
251
126
130
243
230
245
186
157
118
104
27
96
185
164
98
212
220
58
119
39
97
234
150
26
39
146
125
28
127
250
227
27
11
241
231
45
33
98
156
27
135
110
42
32
58
232
117
38
201
180
80
153
79
130
82
170
235
87
178
115
157
215
129
49
36
157
0
184
106
248
215
89
248
160
234
7
132
50
4
151
175
76
87
160
24
225
46
185
125
155
104
99
6
205
217
222
129
198
231
249
30
147
41
249
121
238
141
163
136
117
162
188
164
13
40
47
22
188
202
116
6
72
116
106
85
14
124
240
234
253
224
224
225
196
73
96
166
149
204
12
12
244
189
161
106
21
76
6
114
212
110
185
97
164
66
72
251
147
29
115
142
81
20
105
197
27
13
115
118
138
162
114
160
137
73
57
17
148
11
154
3
101
96
174
162
216
247
205
95
169
25
67
165
80
197
154
240
136
39
48
27
83
12
249
209
97
207
216
191
228
52
204
12
7
28
42
28
26
14
148
201
119
59
239
134
4
46
254
38
221
162
140
190
124
160
175
208
29
121
75
125
182
46
151
234
119
129
212
56
132
149
77
223
208
216
85
1
255
30
167
208
240
142
36
55
45
122
254
5
102
207
93
154
7
21
157
218
196
32
139
216
194
121
16
40
110
235
89
176
52
124
123
186
208
183
123
232
159
248
206
21
130
132
105
186
241
105
223
101
62
28
6
87
186
116
109
9
93
42
6
36
201
72
116
231
233
195
222
232
94
157
216
3
60
88
138
221
182
217
123
213
232
159
217
114
229
249
163
216
58
68
236
88
11
232
130
176
80
0
221
253
79
44
198
233
92
126
99
227
224
98
245
241
115
129
138
177
59
190
24
137
235
252
233
43
236
183
231
78
44
32
149
23
168
235
196
237
153
247
238
189
180
87
35
237
51
193
25
153
205
93
155
20
107
232
234
250
216
71
88
179
131
17
133
195
110
139
129
27
53
229
61
204
87
35
225
123
243
45
235
148
1
190
140
240
139
178
166
165
251
132
113
139
155
45
49
160
40
65
203
205
238
153
65
170
87
2
40
63
196
120
25
108
133
33
104
153
190
165
98
7
132
82
182
18
58
183
207
56
233
126
80
109
161
65
159
153
170
150
42
151
181
200
104
211
197
224
79
181
169
107
204
192
108
139
56
14
90
173
85
252
28
46
19
199
226
25
39
163
28
178
219
82
125
170
47
118
157
148
94
198
183
19
152
164
94
121
202
187
124
170
167
68
187
138
155
2
225
161
126
8
145
246
63
70
176
132
61
44
138
22
165
96
212
158
89
6
156
26
228
104
254
41
198
137
21
177
40
37
70
101
252
44
245
175
221
60
251
63
186
208
203
78
31
130
184
42
47
66
124
251
10
161
25
142
228
58
20
100
249
150
169
234
239
118
172
111
231
248
59
26
243
237
161
82
123
128
34
199
197
165
192
168
67
3
12
216
135
178
194
50
120
128
19
144
119
238
119
78
203
179
174
27
138
135
237
121
218
180
166
49
106
136
92
99
138
216
14
172
104
215
89
240
108
107
225
48
33
201
168
164
202
165
86
108
249
215
37
149
172
85
241
226
195
83
8
55
255
154
196
48
7
153
90
108
1
155
142
92
89
218
12
86
254
89
186
8
33
225
109
168
66
215
21
69
227
230
197
149
107
197
228
8
44
156
242
64
152
79
252
162
178
151
2
160
30
1
175
13
219
63
213
97
195
63
126
179
159
131
99
0
29
210
167
38
163
131
128
133
86
171
198
14
146
147
24
202
124
4
7
215
51
144
92
3
131
190
204
140
243
153
3
3
226
101
163
233
29
34
244
247
210
24
175
73
246
176
188
77
186
168
184
18
87
202
246
177
50
152
234
84
50
90
34
84
246
14
92
140
106
131
92
175
126
148
136
119
50
194
143
237
136
52
65
173
90
255
250
241
93
6
230
69
236
200
201
238
223
253
223
117
196
94
6
234
212
135
177
128
183
144
254
12
26
252
147
46
106
13
151
239
199
138
104
208
211
194
254
58
162
135
211
185
214
33
135
122
105
118
233
93
156
27
7
48
80
126
155
57
214
109
132
90
180
164
196
142
153
140
97
46
39
83
172
28
191
84
115
118
178
60
187
81
46
175
239
9
97
51
97
0
228
177
145
53
42
164
176
89
15
26
41
99
22
100
161
228
250
109
199
105
6
119
129
112
80
217
59
172
78
190
143
248
235
60
163
18
61
41
0
53
179
28
234
24
132
25
9
226
109
226
12
105
235
27
214
215
215
221
221
153
229
240
252
181
78
60
181
155
113
54
120
203
208
32
173
170
111
142
40
193
214
42
90
186
104
249
158
90
38
97
103
89
219
142
167
130
238
147
208
137
60
85
175
153
246
251
57
43
78
35
198
24
248
229
54
166
2
233
40
217
196
156
198
148
46
104
202
70
191
91
74
219
128
179
2
210
155
3
154
16
226
26
200
184
0
97
246
27
20
49
172
57
43
230
135
82
235
95
41
213
193
197
200
156
140
67
194
188
234
167
80
252
163
147
169
206
237
227
61
110
84
233
89
26
193
49
117
39
230
28
176
70
83
137
152
247
38
127
79
29
141
7
6
219
180
137
121
243
78
200
245
30
6
142
180
185
245
216
155
62
237
52
112
46
102
69
128
227
157
15
135
29
202
41
15
62
229
106
181
245
43
129
245
110
215
214
111
28
65
139
15
28
194
207
70
108
106
208
125
233
251
184
140
21
153
14
245
35
84
142
94
47
77
176
69
19
20
163
216
77
31
12
85
219
140
191
64
193
136
237
39
153
34
223
189
182
57
189
29
157
46
116
149
18
172
225
41
252
116
30
57
5
76
117
153
225
221
46
25
99
63
125
186
170
198
189
246
15
36
159
34
159
101
253
222
124
244
34
3
3
254
131
247
75
101
72
254
242
171
117
128
224
185
11
176
62
136
106
82
148
250
187
131
69
195
61
152
58
222
210
78
83
112
201
29
102
192
195
86
189
161
178
22
6
131
197
83
103
56
231
235
135
240
227
15
122
50
195
169
33
121
74
252
3
108
49
172
176
60
125
53
18
250
13
230
127
80
186
211
247
110
17
131
76
196
161
67
139
237
120
145
207
111
16
141
64
33
111
64
95
198
248
196
83
198
73
105
61
156
227
8
57
228
92
221
238
140
11
67
145
6
248
185
214
223
142
125
179
39
85
33
22
236
233
40
59
90
254
188
79
220
31
149
218
148
235
130
206
245
126
152
225
9
227
115
98
144
253
19
147
53
86
152
113
110
85
189
173
53
130
51
100
92
102
106
211
140
106
223
130
125
165
207
179
228
6
64
230
188
204
86
86
19
230
101
104
94
200
234
185
142
208
178
53
48
62
255
57
66
105
6
243
79
110
4
58
18
187
155
151
240
108
7
84
55
204
129
44
60
72
243
172
88
247
66
223
135
95
14
180
53
81
78
4
102
225
253
60
10
75
165
209
193
176
243
129
201
181
173
160
187
239
229
123
18
79
132
215
251
147
255
102
169
247
102
119
255
39
66
176
75
5
247
165
70
246
210
197
12
234
133
34
134
36
122
0
152
167
204
99
226
96
38
127
35
176
110
58
116
13
160
196
253
47
60
141
233
204
146
128
110
184
28
160
200
7
239
92
100
12
15
146
203
13
119
209
30
161
253
83
170
233
1
150
241
12
54
28
233
193
245
66
45
82
66
19
117
252
112
48
162
167
0
194
90
92
147
249
135
73
205
152
147
41
160
170
14
28
235
99
103
246
73
81
121
52
104
53
247
61
103
128
41
20
101
71
23
126
211
64
216
161
156
100
254
1
85
85
227
101
125
118
82
173
67
233
86
20
252
217
4
149
14
240
140
115
133
110
203
60
186
103
2
79
108
152
236
95
72
213
219
162
166
183
229
33
68
159
81
108
254
162
77
213
202
99
90
103
53
136
164
225
227
6
80
149
109
8
184
167
41
184
201
35
240
113
250
196
110
42
243
245
122
70
247
99
253
39
94
209
185
89
215
241
102
121
198
224
116
56
196
32
225
231
16
49
98
203
119
113
44
249
241
65
250
188
159
72
222
16
106
245
2
151
9
151
191
164
142
95
124
75
198
84
245
213
113
27
198
122
132
50
188
172
238
42
184
82
102
29
194
195
26
225
190
31
102
50
44
209
31
68
98
24
229
219
78
84
60
160
213
123
52
170
190
194
164
131
198
250
227
245
0
6
40
78
135
59
223
162
132
49
94
43
208
130
29
172
109
176
165
80
187
123
195
127
217
181
170
151
10
227
152
15
129
33
148
164
91
199
230
14
28
246
119
150
50
85
123
77
116
152
201
58
240
217
23
61
13
15
70
236
155
118
134
60
169
142
134
213
181
198
166
63
215
100
30
101
211
188
233
113
226
188
95
244
210
251
109
80
234
78
48
121
105
243
136
87
42
202
126
176
46
168
52
66
106
168
108
7
123
230
247
220
226
120
68
209
193
213
186
73
4
162
16
144
102
113
35
25
68
23
137
21
103
183
186
112
176
51
71
2
205
20
178
203
168
211
8
246
148
232
150
86
237
108
237
175
4
222
59
90
150
22
48
55
57
63
154
1
124
18
155
223
144
66
154
186
212
2
218
195
240
30
186
244
146
136
184
132
65
37
169
7
199
249
25
245
248
110
14
97
54
199
203
162
192
197
123
215
49
117
1
107
198
154
168
237
219
134
212
34
185
182
129
174
46
17
198
227
211
92
104
103
248
252
61
254
193
129
250
117
171
96
96
32
209
225
72
8
173
52
151
220
99
245
197
25
253
93
128
140
250
227
249
111
245
231
17
41
65
135
195
160
112
92
161
130
3
193
160
244
231
58
25
18
124
157
108
217
100
129
84
115
190
173
100
240
88
251
175
22
42
109
170
211
246
167
51
143
27
16
66
53
113
157
20
231
132
44
108
43
26
231
136
17
76
203
223
104
23
121
38
175
188
2
191
66
222
178
84
114
206
72
45
152
143
217
33
115
69
180
197
25
174
47
137
152
146
135
221
97
163
48
158
89
49
223
232
151
161
206
133
179
225
175
69
196
181
117
253
178
8
13
152
217
48
112
219
83
243
106
180
204
113
99
139
222
182
206
19
167
231
16
117
34
182
221
13
244
45
240
203
247
52
46
169
187
124
198
183
70
82
115
46
173
149
94
162
26
141
23
43
188
170
108
174
135
199
7
199
83
255
148
187
146
29
179
51
243
100
221
169
246
98
219
29
189
199
249
86
154
163
34
163
145
135
185
38
196
231
23
235
33
211
214
101
197
9
151
26
240
207
51
163
206
118
49
25
25
30
113
119
224
24
227
178
111
237
117
82
142
172
107
196
226
132
38
15
67
107
142
104
222
222
124
20
42
186
62
232
162
2
242
58
150
125
227
152
39
102
210
164
32
0
123
18
6
19
128
175
177
133
105
126
48
253
149
155
155
203
109
160
177
147
255
254
135
115
84
230
90
198
178
74
31
8
112
246
114
50
155
245
66
155
55
25
105
151
194
93
2
123
254
12
255
153
71
69
252
38
8
81
55
208
27
42
169
188
214
240
1
56
194
241
205
113
48
160
221
183
101
118
98
188
132
136
95
66
228
178
100
75
218
221
94
105
70
21
86
40
104
24
30
1
222
53
26
67
223
88
61
61
128
85
69
65
33
158
111
51
163
142
59
249
252
43
173
128
165
212
189
32
48
131
49
77
19
71
245
110
154
247
84
176
62
67
42
192
61
143
115
203
46
44
195
206
190
24
188
63
82
24
50
90
233
150
203
59
61
29
192
137
181
163
84
57
187
181
226
52
108
74
69
57
250
15
226
156
154
73
104
195
210
204
255
155
217
108
56
121
58
32
117
7
157
30
230
37
192
123
156
108
254
1
60
169
182
206
4
103
116
10
252
197
99
14
244
69
44
171
131
45
55
235
146
223
215
164
113
70
246
97
234
129
162
165
201
116
37
134
93
8
73
136
34
112
181
187
111
196
169
231
124
219
151
97
25
23
149
215
228
19
221
85
40
131
66
79
114
100
233
103
35
226
191
67
6
166
225
31
254
29
87
42
176
102
41
220
138
165
75
250
200
123
71
101
6
70
185
164
186
173
140
244
197
250
8
141
117
163
148
240
147
239
117
171
211
28
78
220
208
179
90
133
227
229
147
152
165
11
101
172
2
80
201
167
224
115
156
130
122
125
211
75
72
114
250
78
71
138
115
6
57
92
120
106
136
125
28
136
82
182
17
31
47
150
197
96
164
20
58
16
84
43
169
173
233
95
78
219
72
78
85
35
138
77
130
184
60
188
198
45
252
195
200
57
193
101
195
133
138
60
96
160
135
48
131
207
228
252
172
101
82
137
219
30
160
246
45
189
91
76
225
205
229
141
136
147
211
202
165
77
204
179
215
107
169
200
114
41
87
229
179
223
194
242
182
19
38
63
221
140
118
117
222
140
188
227
36
197
181
102
175
46
8
102
197
222
42
151
115
63
225
123
23
35
180
214
187
208
206
14
237
221
27
47
222
121
183
198
159
172
98
48
90
38
62
202
128
22
137
102
174
191
192
61
200
100
211
56
106
181
60
214
31
147
148
19
209
156
85
15
208
120
43
150
249
60
173
107
52
59
70
125
24
170
70
242
223
140
215
159
121
227
35
219
220
58
251
206
189
140
233
153
255
34
7
15
115
238
144
85
235
126
103
95
123
184
149
54
158
33
147
68
64
101
132
183
118
68
52
143
49
252
255
165
154
157
186
212
185
119
31
85
238
181
138
67
242
75
183
220
31
166
157
224
178
49
123
121
143
10
195
150
173
148
56
11
53
156
95
73
14
72
99
39
90
216
224
50
71
78
207
163
71
80
115
74
102
99
82
255
15
57
126
248
146
15
230
132
66
112
2
35
219
203
103
105
195
198
86
227
196
37
58
176
31
221
66
50
109
59
92
43
224
116
16
34
193
249
219
44
203
153
228
104
50
5
25
122
105
32
42
216
107
76
87
145
15
163
17
163
39
38
23
242
169
104
146
135
110
33
102
194
221
162
11
202
154
214
139
105
87
107
142
243
22
6
145
86
230
210
68
163
215
195
47
84
50
79
36
10
79
79
170
249
171
11
71
186
119
55
124
99
150
94
154
195
6
93
174
247
233
78
194
157
27
242
215
100
64
152
220
12
188
75
202
207
146
87
111
187
9
183
168
88
63
19
169
106
25
84
181
117
252
8
171
238
93
248
249
20
166
125
13
171
67
53
213
15
184
24
217
207
100
98
15
163
50
88
61
35
19
228
23
83
159
209
52
252
246
83
121
18
123
181
218
208
195
100
144
174
8
205
1
29
243
51
222
136
45
166
89
247
68
127
244
82
188
255
59
198
194
60
187
17
23
222
172
109
6
59
221
97
187
76
241
9
55
219
44
230
197
89
59
215
149
138
251
156
46
106
80
169
41
106
216
29
134
154
40
147
235
176
33
86
66
153
30
240
211
80
100
55
106
119
241
237
154
165
131
123
253
158
105
114
8
44
61
151
59
80
44
81
214
161
187
75
44
50
43
140
136
237
163
19
38
204
151
145
118
17
114
125
88
122
162
120
70
61
239
67
242
38
252
209
196
80
82
3
231
247
125
90
25
24
18
15
187
95
133
194
194
144
187
135
116
181
24
130
2
103
38
73
170
157
184
174
180
124
216
81
103
210
78
249
155
50
1
110
235
55
102
21
60
186
177
220
238
106
62
66
250
150
28
25
48
21
123
213
19
114
48
162
246
225
148
216
109
213
124
180
69
250
47
156
67
92
201
65
223
134
74
141
252
198
173
169
5
155
235
183
229
225
239
108
94
240
149
39
72
190
33
134
146
138
122
74
186
24
71
95
199
20
133
207
65
70
14
153
161
248
182
210
214
210
177
146
83
14
161
83
111
115
92
198
122
228
108
141
217
34
125
167
1
103
68
62
28
116
45
133
17
46
233
235
51
2
137
72
170
247
46
186
219
41
86
85
198
181
229
252
106
19
14
217
110
135
175
119
223
189
14
253
114
245
218
21
213
216
16
230
37
90
63
135
221
91
187
82
9
187
175
169
11
60
167
232
142
219
80
211
51
242
20
50
198
80
113
109
181
14
201
245
33
10
102
231
109
252
71
236
51
211
154
111
73
142
62
209
10
176
111
89
89
242
42
165
117
104
220
100
25
123
143
177
82
161
3
61
42
24
186
209
63
157
57
176
73
245
120
97
5
205
210
26
84
21
16
87
59
191
75
41
204
166
179
29
74
49
42
88
72
87
191
212
240
6
62
87
165
184
75
193
155
54
197
67
27
21
180
212
223
221
39
247
156
99
70
178
59
95
15
202
162
171
174
153
43
240
81
38
32
229
235
38
23
32
197
50
55
173
98
50
11
149
7
81
192
146
22
253
251
236
199
197
195
209
82
250
38
204
58
32
4
66
70
144
18
128
142
94
97
235
101
39
159
220
43
121
86
202
196
48
162
190
78
25
149
150
49
141
12
201
225
153
94
59
160
117
182
225
207
219
70
69
203
68
179
74
76
255
1
83
109
78
175
52
238
155
181
86
221
23
195
150
3
61
53
182
199
239
189
81
218
154
248
48
106
118
253
31
243
196
158
247
193
5
22
173
63
42
241
201
169
122
40
129
192
230
136
38
65
1
37
59
214
236
211
12
46
143
82
163
129
128
218
121
206
229
0
121
83
9
169
41
107
167
251
161
74
143
181
8
231
234
38
84
238
122
128
6
153
112
214
131
198
120
56
234
255
129
11
132
119
77
22
183
78
100
133
95
104
230
3
34
91
165
131
81
78
146
8
87
38
79
224
241
133
238
174
216
95
107
200
75
98
182
69
202
82
203
136
186
181
64
82
4
154
183
83
198
41
85
238
146
12
210
98
4
230
241
165
9
184
170
24
220
21
64
16
180
40
203
184
82
41
51
68
133
44
32
2
31
139
155
82
238
182
119
152
53
54
100
53
201
142
224
55
128
62
193
129
115
165
173
177
81
32
0
42
149
238
3
237
212
217
47
76
141
42
215
44
196
98
34
18
68
129
250
163
81
14
68
6
130
164
5
1
240
161
98
9
157
133
12
215
141
168
194
182
81
116
76
166
197
105
68
83
55
194
98
22
117
143
90
188
190
201
237
43
97
192
148
65
32
14
29
173
182
123
208
36
134
36
172
164
200
194
75
215
179
61
45
81
93
60
22
43
157
240
62
128
27
113
76
26
118
226
160
145
40
63
78
207
151
32
48
23
140
25
156
236
121
66
113
188
98
194
133
174
20
175
0
27
100
214
149
189
36
86
7
124
218
179
245
132
38
171
195
132
110
17
140
85
45
138
248
228
187
79
16
195
129
19
255
205
248
63
178
211
87
34
156
58
230
12
10
39
224
185
140
148
198
72
118
185
8
211
133
191
144
195
32
33
226
45
22
194
145
62
213
225
123
76
248
169
66
33
149
250
152
170
133
17
1
200
186
64
108
26
241
18
91
246
100
209
175
247
21
158
254
144
156
128
73
6
219
248
245
56
40
1
75
24
236
30
242
72
102
177
29
40
38
233
4
214
214
27
115
58
60
9
153
37
161
28
203
19
27
184
238
118
200
158
211
238
54
242
56
22
235
168
79
171
199
145
132
94
166
116
162
169
114
7
151
16
48
230
241
78
30
194
71
5
219
93
189
104
205
128
89
189
153
30
133
30
115
246
222
173
46
72
66
38
128
32
7
104
26
117
76
65
190
59
180
229
35
62
102
254
86
195
59
160
38
74
95
203
104
245
18
227
128
22
69
99
28
206
192
39
41
174
216
2
193
52
135
251
150
46
134
117
2
78
166
207
191
36
127
215
147
116
112
6
194
187
232
229
83
169
72
39
244
197
1
156
154
237
185
127
169
87
123
216
147
216
106
63
134
208
80
177
222
67
86
31
248
199
189
101
212
127
94
105
154
90
75
232
205
10
152
48
27
213
128
18
27
109
12
253
47
46
67
45
141
250
164
194
196
207
171
197
206
108
54
158
171
28
243
117
183
193
129
185
184
158
154
154
163
133
228
165
156
97
21
111
58
99
161
234
175
192
183
189
224
132
50
202
71
144
248
225
124
3
37
208
102
37
168
39
132
67
195
145
132
28
143
35
213
21
123
224
52
116
218
238
180
250
196
102
120
97
94
252
36
229
146
3
101
144
184
202
197
217
123
88
171
8
210
209
0
54
227
24
78
240
165
148
37
170
148
232
28
99
177
61
189
175
172
231
161
25
56
69
177
225
237
34
255
237
87
134
14
70
5
224
28
143
62
52
155
221
49
140
47
165
160
176
93
44
197
217
89
76
107
197
214
245
8
31
77
136
80
132
60
89
156
25
255
168
202
99
62
84
236
57
61
46
181
42
21
74
249
139
235
142
38
250
225
199
230
128
241
80
35
127
207
183
64
206
168
157
83
17
105
222
125
188
157
204
26
62
1
82
228
110
189
23
171
75
115
172
89
85
1
185
40
195
175
155
70
224
226
24
148
89
35
18
142
251
216
75
33
98
221
25
193
231
100
109
191
255
47
120
85
119
50
174
240
211
14
77
7
8
220
188
209
28
207
10
181
62
57
94
194
3
174
198
184
202
192
50
69
87
55
3
224
142
153
231
41
210
109
231
227
202
199
56
161
111
212
131
147
122
25
67
148
95
158
155
119
235
244
255
155
255
128
138
139
199
196
207
75
19
51
25
87
125
239
187
253
225
144
160
77
226
124
199
253
7
147
255
146
255
137
113
91
179
83
124
189
10
186
22
23
255
203
123
112
102
75
106
138
185
85
232
13
199
191
3
142
181
190
69
185
16
25
38
102
205
71
132
94
78
215
138
73
159
64
127
94
233
105
167
194
147
115
16
201
146
130
16
77
230
13
129
114
77
200
138
223
85
217
10
41
44
62
81
39
140
139
100
13
49
165
206
130
182
13
183
166
232
220
226
234
157
25
114
154
49
243
61
46
233
37
187
253
14
71
11
139
222
250
179
196
205
3
31
80
19
121
159
33
85
241
43
248
84
170
100
172
65
180
203
55
29
62
150
65
114
132
152
124
171
144
122
186
153
147
45
157
52
84
240
53
159
221
28
7
101
217
39
127
46
159
7
10
167
16
148
221
194
224
146
112
93
99
148
57
243
159
253
108
165
69
51
193
44
208
2
102
75
63
197
76
190
109
56
186
114
44
9
222
81
82
224
126
17
111
46
205
218
194
38
122
79
226
3
169
240
170
53
107
173
131
190
107
185
218
157
80
224
204
170
142
238
112
198
71
163
65
41
170
146
85
83
83
41
10
29
213
86
79
155
121
103
185
194
69
163
20
128
249
43
22
190
219
150
95
74
14
186
41
144
43
85
50
173
232
106
174
138
20
25
117
32
155
187
230
144
218
254
97
210
28
27
177
105
143
218
212
41
252
197
217
99
133
145
19
9
252
225
202
96
19
160
19
15
220
95
83
121
86
227
140
87
186
180
185
85
85
28
174
177
194
4
168
248
67
127
245
89
22
7
241
7
46
255
15
212
94
140
45
21
21
2
171
4
9
56
192
117
250
181
227
244
222
100
215
9
71
193
52
206
15
189
13
33
64
69
23
141
138
55
11
154
23
63
22
64
96
47
239
177
101
197
159
25
101
167
137
124
118
107
88
143
174
201
194
88
23
162
67
247
132
127
147
92
19
240
253
47
177
71
189
57
196
246
146
232
18
181
143
44
30
48
119
224
50
193
6
122
61
6
15
92
200
76
8
149
250
186
28
117
170
133
115
27
185
15
63
167
217
227
152
190
151
125
137
12
226
247
176
253
134
49
66
132
14
91
90
177
76
27
247
220
175
123
181
91
182
70
20
205
167
17
145
190
253
204
73
137
197
226
37
77
218
191
65
71
101
110
196
57
134
39
101
65
143
211
68
179
109
29
16
13
18
104
147
187
7
175
160
69
62
47
217
202
95
231
207
46
228
128
210
135
213
204
120
185
214
110
159
172
74
229
252
0
148
78
189
75
94
204
18
113
48
88
63
44
220
34
204
81
47
96
4
33
234
36
161
208
57
161
245
202
201
68
58
115
40
148
147
193
146
126
24
129
190
232
36
189
120
99
115
214
183
254
37
200
248
105
235
191
226
29
227
15
120
142
113
72
174
34
34
147
135
214
18
199
26
76
175
237
58
9
80
188
75
144
184
108
100
23
62
126
21
74
251
120
55
177
61
48
81
21
88
83
22
239
96
218
99
64
98
117
200
15
134
17
172
203
150
151
215
0
230
72
81
213
36
153
84
184
229
225
136
183
88
41
77
174
160
94
193
12
233
4
242
153
253
82
208
201
184
39
4
73
100
163
146
30
214
196
193
93
215
51
16
196
199
184
38
160
154
73
244
219
224
101
160
39
239
14
238
19
105
50
243
47
69
188
229
107
16
168
95
55
102
93
76
112
16
175
33
171
173
158
121
104
250
73
236
54
253
135
110
85
146
145
224
205
1
183
193
191
110
111
241
161
250
11
75
236
64
247
157
180
60
8
195
34
133
198
41
79
194
168
176
213
172
171
128
89
171
237
202
96
205
179
238
202
249
229
246
192
53
196
138
185
152
103
205
154
126
147
112
237
37
113
214
163
75
28
97
137
137
121
176
208
119
60
196
36
169
43
224
90
129
248
3
80
233
89
106
205
15
254
126
122
166
43
227
37
216
219
181
142
93
117
22
82
65
86
87
15
122
119
35
120
79
104
35
90
135
212
176
235
186
104
178
123
201
193
111
123
248
229
117
178
33
160
89
167
137
155
250
116
81
85
125
92
161
100
50
218
165
181
50
84
166
238
85
137
110
215
30
6
131
105
53
159
230
255
170
43
249
133
38
73
29
85
124
158
211
7
254
202
234
45
117
30
32
197
141
248
203
222
34
111
152
162
40
112
196
186
232
76
128
205
149
213
64
192
177
42
189
64
6
52
25
165
14
95
102
231
2
30
11
155
216
132
88
176
232
195
23
188
49
148
46
188
199
92
186
220
61
204
14
23
71
34
221
183
54
96
126
155
111
147
58
7
149
249
88
110
245
16
55
194
3
254
142
3
60
57
60
230
8
255
105
207
160
220
235
143
127
151
156
28
97
237
244
212
222
105
166
119
95
48
121
84
232
129
7
70
42
23
206
7
56
218
129
31
198
255
49
121
162
145
69
55
204
63
65
156
216
67
197
194
178
252
223
96
57
19
160
94
136
138
30
71
149
61
219
169
38
52
172
80
141
88
28
215
15
85
129
23
168
203
143
236
152
154
85
196
122
234
67
152
145
191
215
123
53
76
27
27
246
121
175
75
238
215
156
80
56
157
118
11
240
48
162
40
172
106
87
46
246
196
156
51
10
244
115
228
125
244
175
97
60
229
139
35
164
181
197
13
50
85
45
63
201
65
245
156
190
54
228
11
23
69
28
223
185
132
146
120
220
56
120
252
208
222
159
141
190
108
251
180
237
104
201
62
7
84
87
145
42
36
159
53
191
115
204
113
211
26
113
197
2
141
48
219
8
152
165
18
242
93
53
249
202
205
87
204
67
223
132
154
45
170
251
168
114
135
211
231
182
86
16
9
204
196
125
121
204
17
60
84
57
71
188
83
185
213
181
70
66
185
127
108
131
246
180
52
76
105
52
191
9
19
118
253
154
102
252
165
207
89
102
36
111
13
74
58
4
153
121
85
238
127
82
56
250
207
223
56
183
254
242
202
209
85
235
0
141
73
30
214
142
203
14
80
200
101
127
240
47
48
135
69
34
84
138
209
34
168
83
114
223
165
242
42
7
1
237
158
6
239
52
34
149
162
6
164
175
198
213
84
223
191
90
228
35
178
20
178
226
53
170
16
136
105
39
13
26
98
59
220
52
233
151
87
165
245
189
215
107
60
43
34
249
201
247
232
139
234
177
34
53
183
41
137
23
75
157
197
202
158
227
203
64
216
238
17
202
178
166
121
134
145
102
209
39
7
72
99
242
139
236
24
93
210
174
186
144
148
206
64
223
185
101
109
68
76
25
65
93
160
244
122
167
88
134
63
122
52
111
31
134
189
119
16
166
103
237
106
16
16
194
45
46
109
164
131
73
209
48
87
145
110
102
78
109
128
35
174
193
115
68
137
55
134
149
37
198
76
65
30
189
13
55
21
53
119
171
156
141
181
84
92
61
14
251
147
252
82
21
121
155
112
5
193
6
213
215
116
218
115
130
216
84
186
96
158
198
195
160
136
241
121
176
203
17
154
186
114
59
29
174
145
82
96
106
220
159
99
210
233
238
50
19
97
161
119
66
85
14
193
187
235
219
48
155
250
120
147
179
165
104
72
144
184
118
133
33
144
183
99
83
93
103
102
206
244
184
101
7
6
221
130
209
24
134
242
159
18
3
253
150
50
181
94
92
148
15
194
154
64
160
173
150
165
128
216
86
106
241
155
55
4
171
225
218
16
102
148
87
179
106
244
22
52
153
42
54
170
212
5
218
119
38
15
5
57
181
68
179
143
213
145
132
207
181
193
3
191
124
160
142
68
7
77
28
175
187
176
29
175
112
34
23
149
139
193
144
144
101
43
58
244
186
156
145
169
223
243
59
249
8
245
165
37
250
242
108
179
160
82
187
184
61
92
132
49
83
36
241
211
246
150
199
60
50
99
240
249
181
87
202
196
68
175
86
242
67
139
152
168
138
111
19
78
82
82
84
20
58
220
166
101
110
190
182
64
247
52
226
189
184
53
20
88
240
69
169
15
120
226
253
95
112
30
226
71
135
141
9
25
119
132
67
231
204
34
95
210
69
112
33
123
54
2
45
15
177
217
146
99
120
2
39
219
92
224
147
141
19
13
236
97
214
21
10
149
244
241
254
24
105
133
164
161
124
254
14
